mk-soungsreynoch-f-pcID.wav
1.200 1.850
5.040 1.210
8.500 2.000
12.110 1.120
15.410 1.440
19.340 0.860
22.510 1.270
26.310 1.290
29.920 1.690
33.560 1.760
37.030 1.590
40.750 1.800
44.240 1.640
47.670 1.860
51.350 1.610
54.780 1.840
58.400 1.160
61.900 1.380
65.500 1.320
69.190 1.560
72.690 1.310
76.030 1.470
79.800 1.920
83.310 2.070
87.050 1.520
90.380 1.740
93.920 1.260
97.530 1.570
101.200 1.700
104.610 1.400
108.030 1.750
111.790 1.540
115.450 1.690
118.820 1.470
122.500 1.740
126.060 1.730
129.490 1.600
132.970 1.750
135.920 1.810
139.250 1.140
142.960 1.490
146.450 1.680
149.960 1.940
153.670 1.730
156.940 1.820
160.650 1.380
164.130 1.730
167.710 1.340
170.920 1.760
174.770 1.120
178.270 1.420
181.930 1.790
185.610 1.940
189.360 1.440
192.470 1.710
196.460 0.970
199.380 1.270
203.160 1.000
206.570 0.890
210.100 0.960
213.590 1.030
217.280 1.060
220.860 1.350
224.500 1.320
227.870 1.290
231.390 1.350
234.890 1.370
238.660 0.820
242.050 1.290
246.070 1.330
249.330 1.250
252.960 1.310
256.340 1.360
259.970 1.570
263.750 1.450
267.210 1.530
270.940 1.500
274.330 1.530
277.780 1.220
281.430 0.860
285.010 0.950
288.640 0.930
291.910 1.050
295.670 1.310
299.210 1.530
302.510 1.460
306.240 1.520
310.070 1.540
313.490 1.570
316.970 1.570
320.580 1.490
324.060 1.510
327.660 1.460
331.210 1.420
334.620 1.540
338.320 1.310
340.130 1.430
342.570 1.580
345.680 1.140
349.080 1.440
352.780 1.110
356.320 1.380
359.890 1.300
363.700 1.140
367.210 0.830
370.610 1.190
374.200 1.330
377.750 1.500
381.310 1.060
384.810 1.320
388.600 1.370
391.970 1.590
395.520 1.440
399.090 1.610
402.710 1.320
406.250 1.260
409.840 1.370
413.520 0.960
417.140 1.380
420.400 1.390
424.610 1.570
427.910 0.920
431.500 1.140
434.700 1.250
438.240 1.280
442.190 1.190
445.520 0.960
448.800 1.360
452.680 1.030
455.950 1.100
459.510 1.200
463.110 1.350
466.610 1.450
470.170 1.810
473.760 1.360
477.260 1.390
481.030 1.980
484.930 1.760
488.530 1.830
491.680 1.260
495.100 1.530
498.610 1.340
502.230 2.030
506.000 1.260
509.330 1.430
512.870 1.460
516.320 1.460
519.860 1.770
523.650 1.160
527.050 1.410
530.750 1.350
534.190 1.620
537.740 1.650
541.490 0.800
544.710 1.130
548.470 1.380
552.180 1.880
555.720 1.100
559.080 1.460
562.770 2.090
566.490 1.750
569.790 1.510
573.260 1.150
576.880 1.550
580.400 1.590
584.030 1.450
587.610 0.800
591.110 1.350
594.710 0.900
598.210 1.300
601.940 1.000
605.120 1.150
608.810 1.400
612.400 1.760
616.050 1.370
619.720 0.770
622.970 0.990
626.480 0.960
630.460 0.770
633.670 1.040
637.270 0.820
640.970 0.970
644.290 1.250
647.970 1.460
651.680 1.530
655.050 1.220
658.480 1.400
662.190 1.480
665.760 1.510
669.330 1.200
672.850 1.270
676.300 1.330
679.940 1.270
683.540 1.250
pp-cheachandara-f-pcID.wav
0.840 1.230
3.600 1.100
7.220 1.310
10.640 1.080
14.160 1.240
17.870 0.840
21.310 1.110
24.940 1.200
28.590 1.390
32.110 1.580
35.600 1.300
39.100 1.460
42.720 1.390
46.270 1.530
49.820 1.380
53.290 1.540
56.930 1.110
60.280 1.410
64.090 1.070
67.430 2.370
71.260 1.130
74.730 1.360
78.390 1.560
80.490 3.280
85.440 1.380
88.970 1.540
92.570 1.110
95.970 1.270
99.570 1.380
103.400 1.210
106.640 1.550
110.240 1.360
113.880 1.540
117.400 1.310
120.840 1.500
124.610 1.540
128.060 1.430
131.430 1.440
135.190 1.570
138.750 1.050
142.180 1.330
145.880 1.400
149.390 2.190
152.940 1.480
156.460 1.620
160.330 1.210
163.510 1.410
167.330 1.220
170.690 1.370
174.440 1.020
177.650 1.340
181.530 1.520
184.750 1.890
188.570 1.200
191.870 1.450
195.870 0.880
198.950 1.230
202.570 1.370
206.260 0.870
209.880 0.880
211.840 2.730
217.030 0.880
220.310 1.230
223.870 1.140
227.800 1.160
231.150 1.090
234.480 1.230
238.160 0.740
241.780 1.090
245.300 1.090
248.750 1.070
252.580 1.070
256.260 1.080
259.690 1.390
263.270 1.440
266.600 1.460
270.370 1.280
274.000 1.330
277.350 1.120
280.690 0.810
283.890 0.890
287.510 0.860
290.980 0.930
294.550 1.240
298.200 1.450
301.630 1.310
305.260 1.300
308.520 1.520
312.260 1.390
316.000 1.430
319.330 1.390
322.840 1.400
326.480 1.390
330.170 1.300
333.690 1.470
337.080 1.080
339.050 1.390
342.270 1.440
345.740 1.160
349.100 1.510
352.860 1.110
356.270 1.430
360.040 1.270
363.010 1.640
367.200 0.770
368.760 3.010
374.260 1.200
377.820 1.330
381.360 0.970
384.970 1.190
388.510 2.180
392.300 1.380
395.950 1.410
399.270 1.510
402.870 1.230
406.400 1.140
409.930 1.210
413.460 0.860
417.020 1.220
420.610 1.180
424.380 1.570
427.770 0.820
431.270 0.990
434.750 1.200
438.030 1.610
441.970 1.110
445.540 0.950
449.120 1.290
452.580 1.110
456.160 1.040
459.650 1.210
463.220 1.410
466.870 1.520
470.470 1.830
473.980 1.300
477.450 1.270
480.950 1.750
484.630 1.810
488.170 1.780
491.830 1.180
495.270 1.480
498.840 1.290
502.370 1.670
506.080 1.290
508.430 2.310
513.040 2.660
516.550 1.360
520.120 1.810
524.100 1.140
527.290 1.320
530.820 1.260
534.380 1.540
537.980 1.520
541.470 0.830
544.990 1.130
548.630 1.340
552.330 1.650
555.830 0.980
559.250 1.350
562.920 1.860
566.490 1.520
570.050 1.400
573.640 1.140
577.040 1.550
580.370 1.580
584.120 1.360
587.840 0.800
591.250 1.160
595.060 0.830
598.270 1.310
602.060 1.010
605.390 1.970
609.010 1.410
612.590 1.630
616.110 1.260
619.760 0.780
623.140 1.040
626.980 0.920
630.510 0.780
633.870 1.040
637.500 0.830
641.090 1.060
644.570 1.270
648.100 1.520
651.620 1.570
655.190 1.240
658.740 1.330
662.500 1.460
666.080 1.440
669.470 1.110
672.030 10.710
683.660 1.850
pp-chuorporchourng-m-pcID.wav
6.530 0.910
10.060 1.190
13.580 0.890
18.350 3.960
22.720 2.800
27.810 1.340
31.490 1.500
34.850 1.740
38.290 1.380
41.940 1.650
45.560 1.430
49.200 1.670
52.780 1.530
56.170 1.800
60.170 1.080
63.450 1.450
67.120 1.170
70.460 1.430
74.150 1.300
77.640 1.680
81.070 1.690
84.730 1.960
88.360 1.360
91.700 1.680
95.420 1.130
98.930 1.570
102.750 1.560
106.250 1.300
109.600 1.680
113.370 1.450
116.530 1.920
120.350 1.280
123.760 1.670
127.560 1.660
131.400 1.460
134.590 1.620
138.270 1.800
142.010 1.020
145.200 1.430
148.940 1.970
152.280 1.980
156.040 1.770
159.410 2.090
163.340 1.310
166.430 1.690
170.250 1.250
173.650 1.750
177.420 1.050
180.700 1.740
184.290 1.580
187.790 1.830
191.510 1.300
195.000 1.680
198.700 0.960
202.130 1.310
205.550 1.060
209.050 1.040
212.640 1.100
216.270 1.020
219.690 1.060
223.390 1.280
227.130 1.350
230.390 1.410
233.980 1.420
237.430 1.410
241.260 0.860
244.600 1.410
248.090 1.420
251.590 1.270
255.480 1.350
258.950 1.250
262.180 1.530
266.080 1.580
269.620 1.450
273.100 1.500
276.640 1.600
280.230 1.200
283.800 0.910
287.320 0.990
290.890 1.060
294.530 1.080
298.080 1.330
301.600 1.610
305.210 1.370
308.630 1.450
312.310 1.540
315.850 1.650
319.570 1.670
323.020 1.670
326.540 1.610
330.230 1.580
333.710 1.550
337.320 1.680
340.630 1.350
342.940 2.980
353.220 3.860
360.060 1.360
363.400 1.620
367.010 1.170
370.580 1.480
373.960 1.100
377.580 1.440
381.300 1.200
384.750 1.830
388.330 0.830
391.940 1.120
395.410 1.270
399.050 1.410
402.610 1.030
406.100 1.250
409.910 1.430
413.320 1.540
416.680 1.530
420.300 1.530
424.040 1.340
427.560 1.220
431.000 1.300
434.820 0.980
438.080 1.290
441.650 1.330
445.340 1.550
449.080 0.870
452.200 1.070
455.990 1.220
460.340 1.170
463.710 1.070
466.600 0.990
470.030 1.310
473.610 1.230
477.150 1.010
480.750 1.320
484.780 1.410
488.000 1.600
491.540 1.920
495.280 1.320
498.760 1.310
502.430 1.900
506.490 1.780
509.710 1.750
513.170 1.390
516.590 1.510
519.960 1.340
523.580 1.930
527.150 1.420
530.670 1.360
534.190 1.390
537.760 1.630
541.270 1.660
545.260 1.080
548.550 1.320
552.040 1.230
555.630 2.270
559.180 1.530
562.600 0.880
566.020 1.150
569.780 1.330
573.700 1.800
576.900 1.030
580.390 1.320
583.860 2.080
587.810 1.600
591.150 1.400
594.420 1.140
598.090 1.480
601.570 1.590
605.170 1.230
608.800 0.770
612.750 1.270
615.970 0.860
619.450 1.250
623.670 0.980
627.400 1.060
630.360 1.490
633.810 1.690
637.370 1.310
640.920 0.910
644.310 1.060
647.870 0.980
651.620 0.810
654.940 1.010
658.700 0.880
662.460 1.000
665.640 1.260
669.370 1.350
673.160 1.560
676.480 1.210
679.950 1.360
683.560 1.320
687.040 1.350
690.390 1.230
693.830 1.280
697.060 1.320
700.920 1.280
704.400 1.240
pp-kongphutphalla-m-pcID.wav
1.310 2.060
5.550 1.150
7.650 4.030
12.530 1.040
16.120 1.920
19.800 2.580
23.180 1.130
26.800 2.040
30.380 1.390
34.030 1.590
36.970 1.870
41.070 1.770
44.590 1.440
48.330 1.570
51.680 1.430
55.370 1.550
58.800 1.030
60.280 3.410
65.660 1.390
68.260 0.760
69.480 1.550
72.390 1.860
76.620 1.320
79.230 2.610
83.870 2.470
86.810 1.980
91.050 1.450
93.100 2.480
98.020 1.320
101.530 1.360
105.070 1.230
108.700 1.370
112.210 1.260
115.580 1.420
119.410 1.160
123.070 1.400
126.520 1.390
130.010 1.360
133.720 1.540
137.200 1.570
140.840 0.990
144.490 1.270
147.920 1.440
151.500 1.530
154.940 1.470
158.360 1.540
162.070 1.240
165.540 1.510
169.180 1.220
172.830 1.470
176.360 2.900
179.890 1.280
183.530 1.430
186.970 1.570
190.370 1.180
194.010 1.380
198.000 0.960
201.330 1.050
205.090 1.880
207.510 1.860
211.330 1.520
215.230 1.000
218.870 1.030
222.420 1.120
226.030 2.050
229.510 1.140
233.210 1.110
235.960 1.910
240.110 0.790
243.600 1.120
247.020 1.190
250.760 1.150
254.360 1.140
257.970 1.150
261.300 1.350
265.140 1.410
268.890 2.380
272.270 1.480
275.600 1.350
279.070 1.120
283.190 0.880
286.420 0.980
289.910 0.940
293.660 1.400
297.280 2.660
300.820 1.360
304.220 1.170
307.970 2.300
311.050 1.790
314.840 1.780
318.570 1.750
321.990 1.370
325.600 1.430
329.130 1.320
332.600 1.290
336.370 1.380
339.860 2.010
345.280 1.240
348.730 1.310
352.050 1.040
355.730 1.300
359.370 1.040
362.920 1.260
366.230 1.020
370.100 1.010
373.640 0.800
377.230 1.030
380.820 2.300
384.220 1.330
387.860 0.930
390.520 2.070
395.010 1.210
396.710 1.030
398.500 1.350
402.180 1.220
405.540 1.300
409.190 1.230
412.600 1.100
416.090 1.120
419.780 1.090
423.220 1.210
427.220 1.200
430.830 1.420
434.070 0.770
437.500 1.000
441.210 1.180
444.570 1.210
448.120 1.280
451.840 0.900
455.350 1.170
458.620 1.020
462.290 1.030
465.970 1.120
469.660 1.110
473.420 1.260
477.200 1.630
480.340 1.150
483.710 1.290
486.520 2.110
491.200 1.650
494.880 1.530
498.360 1.670
501.740 1.070
505.040 1.380
508.560 1.270
512.170 1.810
515.850 1.180
519.290 1.300
522.910 1.350
526.550 1.260
530.260 2.070
533.960 1.030
537.060 1.200
540.790 1.170
544.240 1.440
547.700 1.440
551.190 2.480
554.910 1.930
558.460 1.330
560.860 2.760
565.660 0.970
569.250 1.250
572.810 1.660
576.060 1.820
579.820 1.210
583.230 1.140
586.800 1.440
590.310 1.660
594.200 1.260
597.360 1.180
600.940 1.340
604.430 0.900
607.960 2.020
611.520 1.270
615.260 1.240
617.990 2.930
622.470 1.490
625.920 1.980
628.560 1.870
630.850 1.170
632.760 2.890
636.370 2.230
640.300 0.740
643.300 1.430
646.810 1.290
648.750 3.220
654.210 1.280
656.160 1.000
657.860 2.020
661.460 1.440
664.910 1.370
668.550 1.510
672.160 1.330
675.670 1.390
679.070 1.320
682.740 1.220
684.620 0.970
686.490 1.200
689.790 2.040
693.340 1.510
pp-nhemsocheata-f-pcID.wav
1.720 1.340
5.360 1.190
8.800 1.410
12.410 1.080
15.880 1.370
19.500 0.850
23.040 1.200
26.670 1.250
30.120 1.560
33.810 1.720
37.370 1.370
40.880 1.660
44.700 1.480
47.630 2.380
51.880 1.520
55.270 1.720
58.720 1.100
60.800 0.900
62.170 1.410
65.630 1.190
69.210 1.460
72.810 1.150
76.430 1.430
79.950 1.690
83.510 1.940
87.110 1.450
90.530 1.660
93.450 1.930
97.680 1.520
101.490 1.560
104.900 1.310
108.240 1.520
111.860 1.430
115.500 1.650
119.250 1.390
122.720 1.760
126.300 1.740
129.720 1.590
133.240 1.800
136.930 1.740
140.720 1.130
144.070 1.370
147.620 1.440
151.150 1.800
154.340 1.840
158.100 1.910
161.860 1.330
165.180 1.720
168.940 1.320
172.450 1.620
175.990 1.370
179.450 1.420
183.050 1.630
186.740 2.260
190.260 1.300
193.650 1.810
197.330 1.170
200.560 1.220
204.340 1.320
207.710 1.280
211.460 1.060
215.120 0.990
218.620 1.040
222.110 1.200
225.920 1.270
229.280 1.260
233.080 1.210
236.170 1.180
239.870 0.800
243.460 1.230
246.960 1.290
250.630 1.260
252.460 2.930
257.590 1.310
261.170 1.390
265.020 1.510
268.530 2.230
271.950 1.420
275.360 1.450
278.720 1.230
283.030 0.840
286.310 0.930
289.890 0.920
293.420 1.080
296.930 1.440
300.530 1.600
304.140 1.370
307.510 1.410
310.990 1.510
314.550 1.680
318.160 1.700
321.840 1.610
325.260 1.560
328.820 1.510
332.400 2.490
335.990 1.890
339.370 1.240
343.870 1.330
347.430 1.420
350.710 1.130
354.250 1.360
357.850 1.150
361.540 1.290
364.330 1.940
368.870 1.060
372.380 0.730
375.860 1.130
379.100 1.630
382.990 2.350
386.480 1.010
390.090 1.340
393.560 1.450
397.190 1.530
400.700 1.460
404.350 1.570
407.820 1.940
411.360 1.220
415.130 1.210
418.770 0.970
422.370 1.270
426.030 1.910
429.390 1.510
432.840 0.870
436.710 0.950
439.770 1.170
444.120 1.020
446.970 1.100
450.640 0.950
454.120 1.260
456.850 1.770
461.020 1.210
464.680 1.160
468.520 1.330
471.830 1.390
475.390 1.550
478.950 1.200
482.680 1.280
486.010 1.830
488.630 2.730
493.230 1.840
496.850 1.170
499.870 1.960
503.950 1.370
507.540 1.770
511.080 1.200
514.550 1.380
518.020 1.380
521.640 1.350
525.510 1.780
528.940 1.170
531.770 1.950
535.830 1.180
539.460 1.490
543.180 1.480
546.540 0.870
550.770 1.120
553.840 1.520
557.400 1.750
560.870 1.040
564.290 1.430
567.890 2.010
571.410 1.690
574.880 1.470
578.430 1.620
582.210 1.530
585.550 1.540
589.270 1.280
592.820 0.820
596.450 1.140
600.050 0.890
603.310 1.230
606.980 1.100
610.520 1.010
614.130 1.260
617.800 1.610
621.200 1.290
624.850 0.810
628.320 1.060
631.900 1.050
635.590 0.770
638.910 1.760
642.510 0.880
646.050 0.970
649.460 1.260
653.080 1.400
657.050 1.550
660.450 1.200
664.060 1.330
667.430 1.390
671.170 1.460
674.750 1.120
677.940 1.280
681.480 1.340
685.260 1.220
688.720 1.180
ps-lengvichet-m-pcID.wav
2.110 1.310
4.180 3.700
8.910 1.420
12.520 1.100
16.030 1.370
19.720 0.830
23.100 1.240
26.940 1.270
30.530 1.610
34.080 2.000
37.520 1.450
40.760 1.910
44.670 1.470
48.060 1.750
51.510 1.720
55.020 1.760
58.770 1.090
62.370 1.340
65.930 1.200
69.430 1.490
72.760 1.600
76.450 1.540
80.200 1.690
83.720 1.990
87.250 1.330
90.670 1.620
94.420 1.170
97.970 1.410
101.150 1.790
105.440 1.260
108.540 1.610
112.190 1.330
115.670 1.650
119.410 1.510
122.690 1.560
126.460 1.530
129.900 1.480
133.230 1.780
137.040 1.750
140.570 1.560
143.970 1.470
147.690 1.470
151.290 1.780
154.830 1.580
158.250 1.690
161.750 1.670
165.410 1.700
169.020 1.340
172.520 1.570
176.410 1.330
179.630 1.460
183.510 1.600
186.860 1.860
190.410 1.240
193.940 1.500
197.850 0.970
200.900 1.150
204.330 1.040
208.140 0.970
211.800 0.970
215.040 1.010
218.720 0.990
222.320 1.200
226.040 1.220
229.220 1.150
233.070 1.130
236.300 1.120
240.010 0.850
243.390 1.230
246.980 1.230
250.650 1.250
254.650 1.170
257.940 1.210
261.130 1.370
264.880 1.810
268.620 1.310
271.840 1.220
275.400 1.290
279.170 1.190
282.710 0.960
286.140 1.000
289.900 0.990
293.580 1.070
297.020 1.280
300.980 1.480
304.090 1.600
307.700 1.450
311.150 1.540
314.770 1.530
318.260 1.470
321.820 1.450
325.460 1.480
329.010 1.410
332.330 1.410
335.910 1.420
339.560 1.230
342.570 1.260
346.010 1.440
349.300 1.160
353.160 1.390
356.740 1.040
360.010 2.410
363.380 1.740
367.980 1.570
370.940 0.820
374.720 1.110
378.040 1.280
381.670 1.400
385.180 1.000
388.740 1.290
392.410 1.800
395.900 1.430
399.610 1.320
403.320 1.590
406.530 1.230
410.030 1.190
413.710 1.230
417.070 1.110
420.670 1.410
424.310 1.210
428.500 1.540
431.740 0.850
434.980 1.060
438.500 1.150
442.200 1.190
445.560 1.090
449.190 0.990
452.600 1.280
456.300 1.060
459.730 1.050
463.230 1.110
466.920 1.650
470.410 1.400
474.260 1.680
477.640 1.560
481.110 1.320
484.820 1.300
488.370 1.670
491.760 1.680
495.210 1.810
499.290 1.170
502.530 1.350
506.240 1.630
509.680 1.840
513.450 1.300
516.830 1.300
520.260 1.280
523.790 1.340
527.570 1.730
531.150 1.630
534.600 1.350
538.390 1.280
541.670 1.530
544.930 1.760
548.760 0.890
552.060 1.110
555.930 1.380
559.680 1.630
563.140 1.590
566.480 1.530
569.940 2.220
573.630 1.630
577.070 1.500
580.620 1.450
584.690 1.440
587.930 1.500
591.640 1.270
595.010 1.120
598.400 1.080
602.100 1.160
605.600 1.390
609.050 1.210
612.810 1.050
616.580 1.340
620.080 1.540
623.480 1.260
627.090 0.890
630.510 1.090
634.040 1.010
637.660 0.810
641.130 1.070
644.870 0.880
648.600 1.030
651.800 1.260
655.420 1.370
659.040 1.580
662.450 1.340
666.010 1.350
669.700 1.360
673.120 1.420
676.690 1.230
680.320 1.260
684.050 1.290
687.410 1.170
691.080 1.230
ps-soungsovathana-f-pcID.wav
0.440 2.460
4.600 1.200
8.140 2.470
11.490 1.010
15.130 1.260
18.780 0.880
22.160 1.210
25.770 1.560
29.530 1.410
33.290 1.660
36.470 1.390
39.930 1.610
43.530 1.440
47.070 1.630
50.820 1.360
54.220 1.660
57.750 1.030
61.260 1.220
64.910 2.250
68.340 1.580
72.040 1.290
75.480 1.460
79.150 1.500
82.760 1.700
86.360 1.370
89.610 1.530
93.400 1.190
96.850 1.530
100.440 1.510
104.070 1.330
107.540 1.620
111.210 1.370
114.610 1.590
118.390 1.310
121.840 1.490
125.450 1.440
129.140 1.330
132.610 1.700
136.110 2.110
139.600 1.060
142.870 1.370
146.740 1.480
150.350 1.560
153.830 1.470
157.240 1.570
161.110 1.360
164.580 1.670
168.090 1.330
171.600 1.540
175.240 1.030
178.630 1.280
182.360 1.500
185.670 1.650
189.400 1.330
192.820 1.540
196.670 1.110
199.960 1.240
203.510 1.210
206.840 1.070
210.280 1.090
213.890 1.160
217.470 1.130
221.030 1.240
225.310 1.280
228.520 1.200
231.840 1.180
235.320 1.250
238.770 0.860
242.290 1.410
245.880 1.190
249.510 1.220
253.090 1.310
256.530 1.340
260.210 1.440
264.410 1.530
267.890 2.380
271.210 1.310
274.540 1.350
277.930 1.290
281.840 0.910
285.430 1.040
288.870 1.020
292.520 1.150
296.010 1.370
299.620 1.530
303.170 1.370
306.750 1.470
310.180 1.590
313.580 1.600
317.290 1.560
320.830 1.610
324.400 1.580
327.970 1.470
331.490 1.590
335.080 1.510
338.570 3.070
343.530 1.320
346.880 0.980
350.440 1.170
354.050 1.200
357.470 1.280
361.070 1.030
365.280 0.970
368.380 0.800
372.110 0.970
375.680 1.170
379.300 1.510
382.870 1.000
386.370 1.290
389.990 1.450
393.650 1.520
397.000 1.390
400.660 1.290
404.200 1.280
407.770 1.190
411.270 1.260
414.790 1.030
418.350 1.350
422.310 1.200
425.590 1.470
429.130 0.890
432.510 1.030
436.040 1.230
439.860 1.150
443.130 1.220
446.920 0.950
450.400 1.270
453.760 1.190
457.360 1.260
460.960 1.170
464.540 1.420
468.020 1.560
471.690 1.740
475.220 1.250
478.750 1.410
480.920 0.920
482.360 1.550
486.040 1.860
489.510 1.620
493.060 1.660
496.820 1.180
500.200 1.400
503.680 1.290
507.290 1.930
510.810 1.290
514.360 1.410
517.860 1.420
521.470 1.460
524.970 1.670
528.680 1.080
532.160 1.440
535.660 1.260
539.300 1.570
542.810 1.470
546.300 0.940
549.910 1.080
553.460 1.480
557.300 1.660
560.660 1.030
564.140 1.360
567.750 1.810
571.300 1.570
574.810 1.370
578.290 1.160
581.970 1.550
585.090 1.770
589.050 1.390
592.630 0.880
596.170 1.240
599.730 0.990
603.320 1.250
606.810 1.290
610.290 1.310
613.920 2.120
617.570 1.500
620.560 1.780
624.620 0.940
628.030 1.770
631.630 1.060
635.270 0.780
638.880 1.150
642.440 0.880
645.930 1.060
649.500 1.200
653.130 1.360
656.440 1.540
660.200 1.240
663.660 1.420
667.380 1.360
670.770 1.360
674.280 1.220
677.870 1.210
681.440 1.230
684.970 1.100
688.550 1.000
pv-keapunleu-m-pcID.wav
1.230 1.310
4.860 1.140
8.150 1.410
11.790 1.040
13.270 0.720
15.320 1.330
18.910 0.920
22.370 1.190
26.180 1.160
29.640 1.390
33.280 1.640
36.790 1.330
40.310 1.620
43.840 1.410
47.390 1.660
50.970 1.500
54.500 1.760
58.030 1.100
61.620 1.290
65.310 1.160
68.770 1.880
72.460 1.290
75.980 1.440
79.510 1.590
83.090 1.770
86.600 1.270
90.060 1.610
93.730 1.160
97.270 1.490
101.010 1.470
104.390 1.140
107.830 1.440
111.430 1.300
115.110 2.330
118.680 1.510
122.030 2.620
125.830 1.540
129.340 1.420
132.790 1.690
136.510 1.750
140.000 1.060
143.440 1.440
147.040 1.900
150.620 2.120
154.270 1.580
157.850 1.870
161.270 1.460
164.780 1.710
168.580 1.300
171.980 1.560
175.480 1.120
178.910 1.560
182.720 2.050
186.150 1.780
189.710 1.250
193.360 1.590
196.830 1.110
200.220 1.160
203.890 1.010
207.440 0.970
210.940 0.940
214.420 0.920
217.880 1.260
221.630 1.200
225.210 1.220
229.060 1.200
232.380 1.210
235.800 1.180
239.270 0.800
242.860 1.210
246.520 1.120
250.160 1.140
253.460 1.150
257.090 1.240
260.890 1.400
264.460 1.420
267.910 1.440
271.440 1.410
274.990 1.410
278.530 1.150
282.240 0.840
285.720 0.950
289.440 0.960
292.910 0.960
296.500 1.290
299.900 1.480
303.450 1.310
306.480 1.890
310.540 1.520
313.940 2.140
317.500 1.560
321.330 1.470
324.730 1.520
328.210 1.440
331.720 1.400
335.300 1.480
338.870 1.280
341.000 1.600
344.450 1.380
348.080 1.120
351.590 1.310
355.120 1.140
358.600 1.310
362.240 2.070
366.130 1.010
369.420 1.540
372.990 1.040
376.530 1.170
380.100 1.320
383.700 0.970
387.200 1.190
390.820 1.760
394.550 1.370
397.860 1.490
401.500 1.390
405.110 1.210
408.580 1.140
412.090 1.310
415.640 1.060
419.420 1.280
423.090 1.190
426.790 1.500
430.070 0.850
433.500 0.960
436.970 1.160
440.600 1.160
444.130 1.110
447.660 0.890
451.260 1.130
454.750 1.030
458.220 1.060
461.910 1.130
465.540 1.280
469.170 1.410
472.740 1.610
476.140 1.260
479.900 1.280
483.320 1.670
487.220 1.670
490.470 1.680
494.060 1.120
497.550 1.350
501.070 1.320
504.670 2.330
508.260 1.560
511.730 1.230
515.340 1.240
518.840 2.270
522.740 1.600
526.240 1.210
529.560 1.270
533.280 1.170
536.610 1.430
540.120 1.480
543.610 0.880
547.190 1.160
550.930 1.290
554.590 1.530
558.110 1.000
561.430 1.430
565.160 1.850
568.660 1.550
572.140 1.490
575.670 1.140
579.200 1.310
582.720 1.390
586.240 1.150
589.960 0.770
593.430 1.380
597.050 0.950
600.720 1.230
604.040 1.150
606.880 1.730
611.210 1.250
614.750 1.460
618.330 1.140
621.880 0.770
625.320 1.960
628.910 0.970
632.520 0.800
636.090 1.000
639.740 0.820
643.100 1.070
646.740 2.140
650.430 1.280
653.980 1.400
657.410 1.170
661.010 1.270
664.520 1.340
667.990 1.460
671.540 1.080
675.140 1.160
678.730 1.240
682.300 1.190
685.920 1.160
pv-khourypitou-m-pcID.wav
1.420 1.430
4.900 1.410
8.250 1.470
11.850 1.090
15.490 1.400
19.160 0.860
22.650 1.130
26.170 1.240
29.730 1.430
33.000 1.730
36.760 1.330
40.300 1.630
43.930 1.430
47.340 1.720
50.950 1.430
54.470 1.790
58.090 1.090
61.670 1.360
65.440 1.210
68.650 1.500
72.390 1.140
75.680 1.470
79.460 1.640
83.160 2.470
86.950 1.460
90.120 1.710
94.400 1.200
97.450 1.500
101.120 1.510
104.560 1.240
107.560 1.930
111.570 1.360
114.810 1.690
118.660 1.480
122.280 1.770
125.820 1.750
129.300 1.450
132.750 1.750
136.320 1.770
140.110 1.130
143.590 1.430
147.260 1.490
150.810 1.740
154.240 1.680
157.680 2.060
161.540 1.550
165.010 1.670
168.440 1.430
171.710 1.700
175.660 1.200
178.850 1.480
182.770 1.630
186.210 1.950
189.940 1.300
193.150 1.460
196.920 1.090
200.580 1.050
203.910 1.000
207.520 1.670
211.480 0.960
214.650 0.990
217.980 0.980
221.410 1.170
225.050 1.210
228.650 1.190
232.300 1.270
235.620 1.260
239.620 0.900
242.860 1.170
246.210 1.210
249.950 1.210
253.500 1.240
257.000 1.280
260.820 1.360
264.240 1.470
267.550 1.370
271.300 1.340
274.770 1.470
278.380 1.120
282.180 0.920
285.700 0.940
289.160 0.960
292.800 1.070
296.360 1.320
299.970 1.500
303.440 1.290
307.080 1.320
310.510 1.450
314.140 1.490
317.610 1.470
321.160 1.470
324.680 1.450
328.210 1.400
331.940 1.380
335.310 1.520
338.970 1.140
342.630 1.220
345.950 1.320
349.440 1.040
352.770 1.310
356.650 1.050
360.100 1.340
363.710 1.310
367.510 1.000
370.830 0.820
374.630 1.070
377.940 1.290
381.590 1.450
385.300 0.930
388.690 1.220
392.250 1.440
395.900 1.510
399.330 1.420
403.020 1.510
406.760 1.290
410.140 1.220
413.520 1.360
417.230 1.010
421.010 1.250
424.450 1.170
427.910 1.730
431.500 0.840
434.930 1.040
438.470 1.200
441.960 1.160
445.600 1.130
448.970 0.950
452.710 1.200
456.320 1.120
459.820 1.000
463.370 1.110
466.920 1.360
470.540 1.420
474.220 1.590
477.760 1.240
481.270 1.260
484.810 1.790
488.130 1.890
491.740 2.080
495.720 1.110
499.140 1.510
502.480 1.430
506.230 1.840
509.820 1.170
513.360 1.330
516.870 1.410
520.320 1.430
524.040 1.720
527.600 1.160
531.040 1.380
534.700 1.240
538.240 1.650
541.700 1.620
545.390 0.860
548.510 1.060
552.410 1.520
555.950 1.670
559.560 1.000
562.990 1.410
566.620 1.990
570.270 1.700
573.590 1.500
577.170 1.170
580.820 1.520
584.580 1.480
587.970 1.400
591.570 0.820
595.000 1.150
598.600 1.040
602.070 1.260
605.560 1.260
609.000 0.990
612.680 1.520
616.230 1.630
619.950 1.220
623.600 0.820
626.830 1.070
630.510 1.010
633.980 0.890
637.600 1.060
641.190 0.870
644.790 1.000
648.190 1.190
651.850 1.350
655.380 1.620
659.100 1.190
662.350 1.380
666.020 1.360
669.640 1.490
673.110 1.170
676.660 1.210
680.220 1.380
683.820 1.230
687.390 1.210
sr-ngorkhengbung-m-pcID.wav
2.120 1.200
5.410 1.040
8.870 1.250
12.780 0.960
15.910 1.170
19.730 0.810
22.930 1.080
27.000 1.060
30.650 1.180
33.870 1.560
37.830 1.130
40.890 1.470
44.590 1.290
48.110 1.510
51.710 1.280
55.040 1.510
58.830 0.960
62.520 1.220
65.880 1.020
69.390 1.270
73.120 1.050
76.710 2.030
80.380 1.330
83.530 1.610
87.350 1.220
90.810 1.370
94.280 1.040
97.940 1.250
101.830 1.280
104.980 1.090
108.860 1.300
112.430 1.180
115.610 1.320
119.660 1.170
122.970 1.290
126.440 1.340
130.060 1.130
133.660 1.420
137.350 1.490
140.670 0.960
144.180 1.220
147.880 1.170
151.060 1.460
154.770 1.370
158.340 1.540
162.140 1.140
165.330 1.410
169.100 1.050
172.550 1.260
176.260 0.950
179.650 1.220
183.350 1.330
186.880 1.550
190.890 1.050
193.980 1.240
197.680 0.890
200.740 0.990
204.290 0.970
207.900 0.840
211.410 0.840
215.120 0.850
218.720 0.880
222.090 1.010
225.790 0.980
229.140 1.060
233.000 1.070
236.620 1.070
239.900 0.760
243.490 1.020
246.850 1.050
250.510 1.090
254.120 1.070
257.690 1.070
261.490 1.180
265.000 1.190
268.640 1.140
272.180 1.220
275.640 1.200
279.330 0.930
283.140 0.780
286.330 0.840
289.910 0.870
293.560 0.880
296.960 1.100
300.810 1.210
304.020 1.200
307.720 1.270
311.270 1.290
314.760 1.240
318.330 1.240
321.970 1.240
325.430 1.150
329.080 1.130
332.620 1.080
336.140 1.150
339.490 1.180
342.830 1.150
346.040 1.190
349.270 1.060
352.860 1.230
356.440 1.000
360.080 1.120
363.750 1.050
367.400 0.960
370.770 0.740
374.410 0.990
378.000 1.030
381.650 1.180
385.100 0.910
388.790 1.080
392.410 1.170
395.960 1.220
399.400 1.230
402.900 1.290
406.920 1.130
410.150 1.080
413.670 1.040
417.380 0.840
420.810 1.050
423.000 0.990
424.400 1.060
428.140 1.340
431.510 0.780
435.050 0.870
438.280 1.040
442.310 0.820
445.650 0.970
449.190 0.870
452.520 1.070
456.470 0.920
459.880 0.830
463.410 1.030
467.020 1.020
470.790 0.970
474.020 1.310
477.700 1.150
481.170 1.020
484.730 1.080
488.450 1.460
491.810 1.430
495.430 1.850
499.290 1.010
502.880 1.260
506.290 1.010
510.020 1.490
513.570 1.150
516.810 1.160
520.350 1.180
523.930 1.070
527.550 1.330
531.130 1.060
534.610 1.150
538.100 1.030
541.780 1.190
545.360 1.250
548.730 0.860
552.150 0.970
556.300 1.220
559.830 1.430
563.200 0.950
566.500 1.190
570.220 1.510
573.670 1.350
577.200 1.270
580.920 0.990
584.610 1.310
587.860 1.290
591.460 1.110
595.160 0.740
598.680 0.990
602.130 0.800
605.680 1.090
609.300 0.900
612.790 0.900
616.390 1.060
620.140 1.430
623.570 1.090
627.040 0.790
630.390 0.940
634.140 0.860
637.730 0.720
641.260 0.940
644.880 1.680
648.550 0.840
651.910 1.070
655.680 1.160
659.080 1.260
662.570 1.040
666.130 1.150
670.020 1.120
673.440 1.230
676.900 0.980
680.260 1.120
683.770 1.240
687.310 1.120
690.980 1.090
692.780 1.870
sr-tepsotha-f-pcID.wav
2.200 4.480
9.260 1.190
12.720 0.990
16.250 1.950
19.890 0.850
22.560 1.990
26.820 1.170
30.050 1.660
34.270 1.380
37.480 1.310
41.090 1.520
44.680 1.340
48.140 1.520
51.730 1.380
55.440 1.450
58.950 1.100
62.670 1.190
66.000 1.090
69.650 1.350
71.640 4.030
76.690 1.340
80.210 1.380
83.700 1.750
87.010 2.500
91.030 2.850
94.410 1.050
98.080 1.270
101.960 1.470
105.060 3.080
108.670 2.570
112.110 2.310
116.100 2.110
119.490 1.160
123.330 1.510
127.010 1.510
130.260 1.520
134.400 1.560
137.400 2.860
140.910 1.160
143.870 3.500
147.890 1.270
151.260 1.670
155.010 1.390
159.150 1.470
162.610 1.180
166.150 1.460
169.230 2.160
172.580 1.550
176.400 1.050
178.530 2.500
182.930 2.930
187.300 1.500
190.450 1.500
193.970 1.550
197.910 2.270
200.680 6.800
207.940 0.740
211.700 5.470
218.730 0.980
222.200 1.460
225.780 1.110
229.390 1.170
233.310 1.030
236.580 1.680
239.800 0.790
243.870 2.090
247.140 3.050
250.670 1.060
254.040 1.100
257.710 1.120
261.670 1.180
265.570 1.150
268.610 1.200
272.150 1.140
275.700 1.220
278.930 1.180
283.130 0.940
285.790 3.610
290.130 0.760
293.490 0.990
297.250 1.200
300.800 1.420
304.170 1.300
307.940 1.360
311.500 1.250
314.880 1.340
318.400 1.390
322.000 1.290
325.630 1.220
329.020 1.230
332.690 1.180
336.320 1.240
339.840 3.310
344.700 1.410
348.370 1.010
351.950 1.230
355.340 1.060
358.870 1.140
362.300 1.050
366.160 1.890
369.630 0.840
373.160 1.060
376.790 1.210
380.350 1.290
383.710 1.110
387.390 1.230
391.310 1.250
394.760 2.170
398.210 1.270
402.030 1.470
405.350 1.140
408.810 1.190
412.250 1.280
415.950 0.970
419.200 1.270
423.040 1.120
426.700 1.370
430.030 0.870
433.530 1.000
437.300 1.090
440.650 1.190
444.160 1.520
448.170 0.860
451.410 1.100
455.150 0.900
458.510 0.950
461.980 1.110
465.550 1.090
469.360 1.650
473.190 1.510
476.550 1.220
479.740 1.240
483.160 1.620
486.960 1.580
490.670 1.600
494.880 1.690
497.520 1.900
501.300 1.290
504.010 2.890
508.420 1.620
512.030 1.130
515.380 2.400
518.990 1.410
522.120 1.840
526.310 1.620
529.890 5.550
536.890 1.680
540.150 1.320
543.920 2.070
547.420 0.930
549.720 2.630
554.570 1.280
558.290 1.430
561.720 0.990
565.210 2.260
569.040 1.700
572.360 1.480
576.040 1.340
578.610 1.790
583.050 1.350
586.450 1.350
590.040 1.190
593.680 0.850
597.270 1.630
600.820 0.940
604.460 1.230
607.930 1.150
611.510 0.970
614.890 1.700
618.300 2.580
622.110 1.090
625.610 0.790
629.160 2.570
632.630 1.040
635.600 1.550
639.810 1.070
643.460 0.890
646.960 1.110
650.810 1.160
653.100 2.520
657.050 2.060
661.180 1.200
664.620 1.640
668.230 1.550
671.320 2.420
675.330 1.210
678.100 3.640
682.380 1.170
686.030 2.040
688.580 2.330
sr-thacheuchhiv-f-pcID.wav
2.490 1.360
5.920 1.190
9.320 1.390
12.920 1.060
16.400 1.280
20.150 1.030
23.530 1.220
27.370 1.210
30.690 1.510
34.330 1.750
36.560 2.820
41.490 1.660
45.070 1.470
48.600 1.730
52.090 1.480
55.590 1.770
59.330 1.120
62.830 1.410
66.430 1.230
69.820 1.530
73.430 1.110
76.900 1.380
80.600 1.610
84.080 1.830
87.620 1.310
91.090 1.640
94.860 1.080
98.250 1.480
101.890 1.490
105.510 1.190
109.130 1.470
112.520 1.290
116.060 1.590
119.700 1.410
123.110 1.670
126.920 1.530
130.080 1.770
133.980 1.670
137.660 2.370
141.250 1.850
144.240 1.600
148.020 1.550
151.700 1.770
155.160 1.560
158.950 1.760
162.390 1.280
165.750 1.580
169.580 1.200
172.970 1.500
176.640 1.020
179.850 1.340
183.740 1.530
187.110 1.760
190.690 1.270
194.300 1.500
198.010 0.940
201.170 1.250
204.850 1.020
208.450 0.930
211.970 1.000
215.630 0.950
219.130 0.990
222.550 1.160
226.260 1.230
229.660 1.200
233.340 1.160
236.720 1.140
240.160 0.800
244.020 1.180
245.790 0.780
247.500 1.180
251.110 1.170
254.640 1.170
258.100 1.180
261.720 1.330
265.430 1.410
269.060 1.430
272.480 1.330
275.720 1.920
279.570 1.180
283.290 0.880
286.620 0.940
290.400 0.960
293.920 1.010
297.370 1.290
301.190 1.540
304.650 1.310
308.050 1.410
311.580 1.520
315.090 1.540
318.620 1.590
322.300 1.520
325.420 1.900
329.350 1.410
332.890 2.610
336.510 2.450
339.700 1.320
343.100 1.290
346.390 1.380
349.830 1.150
353.300 1.280
356.930 1.130
360.480 1.370
364.170 1.180
367.810 1.010
371.130 0.800
374.770 1.160
378.310 1.230
382.060 1.410
385.580 0.970
389.060 1.700
392.730 1.430
396.270 1.500
399.850 1.690
403.550 1.470
406.730 1.660
410.600 1.240
414.050 1.280
417.540 0.950
419.440 2.920
424.700 1.190
427.710 2.650
431.880 0.840
435.370 1.010
438.820 1.170
442.230 1.130
445.970 1.750
449.650 0.940
453.100 1.250
456.520 1.060
460.290 1.860
463.170 1.690
467.270 1.370
470.770 1.510
474.340 1.750
477.880 1.250
481.110 2.350
485.360 1.230
488.940 1.710
492.600 1.690
496.090 1.850
499.600 1.150
503.080 1.480
506.500 1.440
510.120 1.850
513.740 1.210
517.160 1.330
520.640 1.340
524.370 1.400
527.560 2.160
531.460 2.070
534.810 1.320
538.360 1.470
542.070 1.540
544.960 3.350
549.060 0.870
552.610 1.160
554.350 1.450
556.250 1.360
559.980 1.700
563.500 1.020
566.750 1.860
570.390 2.740
573.970 1.680
577.680 1.500
580.690 2.060
585.170 1.520
588.300 1.510
591.800 1.320
594.320 1.780
599.040 1.110
602.470 0.940
606.010 1.240
608.900 2.430
613.120 1.620
616.970 1.400
620.320 1.580
623.660 1.170
627.240 0.890
630.690 1.050
634.420 0.980
637.970 0.820
641.560 0.970
645.410 0.830
648.880 1.020
652.240 1.240
655.840 1.450
659.470 1.460
662.900 1.210
666.610 1.350
670.160 1.390
673.620 1.500
676.910 1.140
680.520 1.230
684.130 1.270
687.730 1.080
691.570 1.220
sr-thannphearum-m-pcID.wav
2.230 1.370
5.040 1.250
8.510 1.280
11.980 1.070
15.620 1.400
19.100 0.800
22.660 1.180
26.250 1.150
29.860 1.500
33.410 1.620
36.900 1.450
40.410 1.580
44.160 1.430
47.500 1.670
51.150 1.460
54.590 1.800
58.360 1.010
61.790 1.290
65.250 1.260
68.640 1.510
72.640 1.150
76.040 1.380
79.610 1.540
83.250 1.810
86.740 1.220
90.370 1.470
93.880 1.050
97.270 1.410
101.090 1.370
104.470 1.130
107.970 1.420
111.530 1.220
115.050 1.520
118.690 1.490
122.160 2.550
125.560 1.880
129.450 1.360
133.080 1.720
136.440 1.740
140.050 1.010
143.530 1.290
147.170 1.280
150.140 2.110
154.220 1.500
157.690 1.660
161.510 1.260
164.920 1.590
168.300 1.230
171.900 1.430
175.600 0.930
178.990 1.250
182.730 1.400
186.310 1.710
189.800 1.160
193.300 1.360
197.490 0.830
201.160 0.990
204.030 0.930
207.600 0.860
211.190 0.900
214.510 0.900
217.940 0.900
221.720 1.090
225.340 0.900
230.350 1.560
233.380 2.580
236.420 1.120
239.400 0.830
243.140 1.120
246.540 1.060
250.120 1.110
253.650 1.110
257.220 1.100
260.740 1.220
265.040 1.260
268.290 1.310
271.880 1.350
275.130 1.270
278.780 1.050
282.470 1.640
285.860 1.810
289.270 0.840
292.900 0.920
296.500 1.170
300.240 1.340
303.490 1.180
306.980 1.310
310.960 1.280
314.200 1.910
318.200 2.490
321.520 1.310
324.860 1.370
327.770 3.230
332.070 1.390
335.530 1.430
339.130 1.030
340.820 2.150
344.240 1.720
347.610 1.060
351.370 1.140
354.920 1.000
358.580 1.180
361.980 1.140
365.650 0.720
367.630 0.930
369.300 1.310
372.070 2.020
376.130 1.150
380.510 2.060
383.530 0.840
386.940 1.110
390.890 2.770
394.200 1.340
397.660 1.310
401.320 1.380
403.970 2.150
407.780 2.290
412.490 1.100
415.560 0.910
419.110 1.650
422.480 1.140
426.330 1.300
429.580 0.800
433.940 0.920
436.590 1.040
440.610 1.150
443.710 0.990
447.480 0.870
450.960 1.070
454.250 1.040
457.980 0.950
461.930 1.020
465.110 1.160
468.830 1.160
472.460 1.390
475.650 1.110
479.210 1.180
482.950 1.130
486.480 1.490
490.120 1.440
494.320 1.560
497.510 1.200
500.730 1.340
504.400 1.070
507.810 1.830
511.490 1.110
514.780 1.180
518.300 1.230
522.070 1.200
525.640 1.530
529.710 0.960
532.840 1.210
537.070 1.090
540.060 1.240
543.420 1.340
547.220 0.830
550.510 1.000
553.970 1.300
557.870 1.680
561.600 1.390
564.830 1.160
568.190 1.930
571.850 1.300
575.390 1.150
579.000 1.020
582.490 1.280
586.050 1.360
589.390 1.450
593.320 0.770
596.780 1.030
600.650 0.820
603.730 1.160
607.270 0.980
610.740 0.980
614.470 1.220
618.120 1.900
621.700 1.120
625.160 0.810
628.520 0.950
631.930 1.020
635.920 0.780
639.270 0.950
643.050 0.800
646.600 0.950
649.880 1.110
653.670 1.280
657.690 1.460
660.770 1.080
664.100 1.330
668.000 1.350
671.330 2.090
674.960 1.100
678.450 1.120
682.000 1.190
685.590 1.100
689.010 1.160
sv-chhutsimeth-m-pcID.wav
2.290 1.320
6.020 1.090
9.500 1.450
12.970 1.090
16.260 1.450
20.070 1.080
23.520 1.240
27.330 1.190
30.790 1.530
34.370 1.700
37.830 1.400
41.380 1.730
45.000 1.540
48.460 1.730
52.060 1.530
55.460 1.770
59.070 1.170
62.740 1.800
66.430 2.130
69.730 1.590
73.530 1.190
76.780 1.930
80.620 1.550
83.980 1.840
87.870 1.290
91.040 1.570
94.780 1.140
98.330 1.460
101.880 1.470
105.400 1.240
108.890 1.520
112.720 1.250
115.790 1.610
119.690 1.350
122.810 1.470
126.740 1.490
130.350 1.410
133.840 1.730
137.560 1.670
141.050 1.040
144.290 1.460
148.310 1.440
151.420 1.830
155.320 1.520
158.350 1.740
162.420 1.230
165.720 1.570
169.420 1.230
172.700 1.460
176.610 1.060
179.810 1.480
183.660 1.540
187.100 2.160
190.780 1.240
194.320 1.530
198.570 1.050
201.490 1.170
205.480 1.040
208.410 0.930
211.810 0.990
215.490 1.020
218.680 1.010
222.440 1.130
226.380 1.250
229.920 1.260
233.870 1.150
236.990 1.120
240.290 1.320
244.030 1.170
247.140 1.180
250.660 1.160
254.120 1.190
257.800 1.210
261.410 1.390
265.210 1.600
268.930 1.610
272.300 1.520
275.550 1.460
279.320 1.070
283.570 0.890
286.780 0.970
290.300 0.940
293.880 1.100
297.540 1.300
301.230 1.530
304.570 1.960
307.960 1.780
311.390 1.550
315.010 1.530
318.510 1.610
322.130 1.570
325.530 1.530
329.180 1.460
332.650 1.530
336.210 1.460
339.770 1.310
344.250 1.230
347.380 1.320
350.520 1.210
354.460 1.330
358.060 1.100
361.440 1.320
365.070 1.190
368.870 0.990
372.470 0.790
375.980 1.000
379.560 1.160
383.010 1.390
386.570 0.940
390.510 1.580
393.890 1.360
397.470 1.430
400.860 1.180
404.430 1.360
408.020 1.220
411.440 1.200
415.250 1.210
418.640 0.970
422.170 1.230
425.820 1.180
429.790 1.330
432.860 0.810
436.490 0.880
439.890 1.060
443.500 1.070
447.080 1.070
450.580 0.890
454.270 1.180
457.470 1.100
461.210 1.100
464.740 1.130
468.330 1.250
472.030 1.370
475.500 1.730
479.040 1.240
482.750 1.230
486.350 1.660
489.530 1.680
493.310 1.830
497.170 1.280
500.380 1.270
504.410 1.120
507.720 2.000
511.220 1.250
514.510 1.240
518.070 1.300
521.730 1.380
525.300 1.920
529.200 1.060
532.320 1.260
536.230 1.300
539.910 1.350
543.150 1.470
546.550 0.850
550.120 1.100
553.700 1.340
557.710 1.560
561.260 1.320
564.390 1.370
567.860 1.800
571.430 1.530
574.920 1.490
578.540 1.060
582.120 1.400
585.680 1.430
589.380 1.260
593.140 0.780
596.540 1.120
600.530 0.850
603.960 1.170
607.030 1.140
610.510 0.990
614.140 1.440
617.630 1.450
621.470 1.180
625.350 0.840
628.230 1.070
631.670 0.960
635.460 0.770
638.970 0.980
642.530 0.840
646.100 1.040
649.530 1.150
653.680 1.450
656.850 1.510
660.350 1.150
663.910 1.280
667.520 1.310
670.890 1.340
674.720 2.020
678.140 1.150
681.960 1.250
685.260 1.170
688.770 1.180
