mk-soungsreynoch-f-pcID.wav
1.440 1.600
4.860 1.390
8.400 1.630
11.910 1.310
15.270 1.570
19.140 1.050
22.310 1.450
26.110 1.480
29.740 1.860
33.360 1.950
36.830 1.780
40.560 1.980
44.040 1.830
47.540 1.970
51.150 1.800
54.640 1.970
58.230 1.320
61.720 1.520
65.320 1.490
69.010 1.720
72.510 1.490
75.850 1.630
79.610 2.090
83.110 2.190
86.850 1.720
90.180 1.930
93.730 1.430
97.340 1.740
101.000 1.890
104.410 1.580
107.940 1.830
111.600 1.720
115.270 1.860
118.620 1.650
122.370 1.870
125.880 1.910
129.290 1.790
132.840 1.860
135.720 2.000
139.060 1.320
142.860 1.580
146.260 1.870
149.770 2.100
153.470 1.920
156.750 1.830
160.460 1.560
163.940 1.910
167.510 1.520
170.720 1.940
174.570 1.320
178.090 1.590
181.910 1.790
185.500 2.000
189.250 1.540
192.290 1.870
196.270 1.150
199.190 1.440
202.970 1.180
206.370 1.040
209.900 1.090
213.400 1.200
217.110 1.220
220.670 1.500
224.300 1.380
227.670 1.440
231.200 1.520
234.710 1.520
238.470 1.000
241.850 1.450
245.890 1.460
249.130 1.420
252.770 1.480
256.150 1.540
259.770 1.730
263.550 1.590
267.010 1.700
270.740 1.600
274.140 1.690
277.590 1.360
281.240 1.050
284.820 1.110
288.440 1.120
291.720 1.200
295.470 1.490
299.020 1.700
302.650 1.280
306.150 1.590
309.910 1.680
313.440 1.510
316.800 1.710
320.580 1.460
323.890 1.660
327.500 1.610
331.020 1.600
334.510 1.640
338.160 1.450
339.930 1.620
342.370 1.770
345.490 1.330
348.940 1.570
352.580 1.300
356.120 1.550
359.700 1.480
363.550 1.290
367.030 1.000
370.420 1.360
374.010 1.500
377.640 1.580
381.120 1.240
384.620 1.500
388.420 1.540
391.770 1.750
395.330 1.530
398.900 1.780
402.510 1.480
406.050 1.440
409.700 1.490
413.350 1.100
416.970 1.470
420.210 1.420
424.430 1.740
427.720 1.090
431.300 1.320
434.520 1.350
438.220 1.190
442.000 1.350
445.340 1.140
448.600 1.550
452.490 1.200
455.750 1.280
459.320 1.360
463.080 1.340
466.420 1.610
470.130 1.840
473.640 1.470
477.070 1.560
480.840 2.150
484.740 1.910
488.330 2.010
491.480 1.450
494.900 1.690
498.430 1.500
502.030 2.190
505.800 1.440
509.160 1.540
512.730 1.490
516.190 1.530
519.660 1.900
523.450 1.350
526.880 1.510
530.550 1.540
534.100 1.680
537.540 1.780
541.300 0.970
544.510 1.310
548.280 1.510
552.010 2.030
555.520 1.290
558.890 1.640
562.580 2.270
566.310 1.920
569.590 1.700
573.070 1.340
576.690 1.720
580.210 1.680
583.830 1.600
587.420 0.990
590.940 1.510
594.510 1.100
598.010 1.450
601.740 1.150
604.920 1.330
608.710 1.470
612.200 1.950
615.860 1.480
619.520 0.960
622.790 1.140
626.280 1.140
630.260 0.910
633.480 1.160
637.070 1.020
640.770 1.150
642.980 0.800
644.090 1.420
647.780 1.570
651.490 1.700
654.850 1.400
658.280 1.580
662.000 1.640
665.570 1.640
669.130 1.370
672.660 1.460
676.110 1.510
679.740 1.470
681.570 0.800
683.340 1.370
pp-cheachandara-f-pcID.wav
0.650 1.380
3.420 1.120
7.030 1.300
10.540 1.130
13.980 1.090
17.710 0.980
21.130 0.860
24.740 1.290
28.420 1.420
31.930 1.610
35.410 1.430
38.910 1.630
42.540 1.490
46.080 1.320
49.650 1.520
53.130 1.670
56.740 1.280
60.440 1.210
63.890 1.230
67.360 1.410
71.070 1.260
74.530 1.450
78.190 1.640
80.880 2.270
85.270 1.430
88.780 1.620
92.370 1.170
95.790 1.390
99.380 1.490
103.210 1.290
106.570 1.550
110.050 0.870
113.700 1.080
117.210 1.300
120.660 1.500
124.420 1.380
127.890 1.050
131.240 1.270
135.010 1.080
138.550 0.910
142.360 0.840
145.680 1.410
149.300 1.270
152.740 1.480
156.270 1.340
160.130 1.220
163.330 1.140
167.140 1.120
170.510 1.260
174.260 1.150
177.530 1.370
181.360 1.530
184.730 1.740
188.390 1.200
191.670 1.500
195.670 0.980
198.880 1.150
202.370 1.130
206.060 0.950
209.680 0.950
211.650 2.820
216.840 0.950
220.110 0.920
223.670 1.190
227.600 1.270
230.980 1.200
234.280 0.920
237.970 0.840
241.590 0.860
245.110 1.190
248.560 1.200
252.380 0.880
256.070 1.240
259.490 1.500
263.080 1.450
266.570 1.410
270.180 1.400
273.810 1.040
277.160 1.180
280.510 0.990
283.690 0.930
287.310 0.940
290.780 0.970
294.390 1.270
298.550 0.800
301.790 0.830
305.170 0.840
308.450 0.860
316.180 0.800
319.200 1.330
322.650 1.080
326.380 1.420
330.020 1.310
333.620 1.380
338.940 1.340
342.080 1.600
345.650 1.250
348.990 1.510
352.690 1.260
356.200 1.330
359.840 1.460
362.810 1.820
367.090 0.870
368.590 3.170
374.070 1.280
377.620 1.350
381.160 1.160
384.780 1.300
388.380 2.240
392.100 1.530
395.750 1.460
399.080 1.680
402.670 1.350
406.200 0.880
409.750 0.880
413.280 0.980
416.820 1.360
420.410 1.210
424.200 1.700
427.570 0.960
431.080 1.110
434.550 1.240
437.830 1.740
441.880 1.140
445.340 1.150
448.920 1.440
452.530 0.960
456.060 1.000
459.620 1.210
463.030 1.420
466.680 1.570
470.280 1.920
473.890 1.340
477.260 1.400
480.750 1.810
484.440 1.830
487.980 1.820
491.630 1.340
495.070 1.240
498.650 1.110
502.170 1.650
505.890 1.460
509.300 1.290
512.860 1.350
516.350 1.460
519.920 1.870
523.910 1.320
527.110 1.370
530.630 1.360
534.320 1.530
537.780 1.610
541.270 1.020
544.790 1.260
548.430 1.500
552.130 1.730
555.630 1.170
559.060 1.480
562.730 1.920
566.290 1.650
569.850 1.590
573.460 1.310
576.840 1.650
580.180 1.710
583.920 1.440
587.640 0.990
591.050 1.310
594.870 1.010
598.070 1.470
601.860 1.080
605.200 1.200
608.900 1.380
612.390 1.810
615.910 1.390
619.560 0.970
622.940 1.120
626.780 1.000
630.310 0.950
633.680 1.120
637.310 1.010
640.890 1.110
644.370 1.410
647.900 1.660
651.420 1.750
655.000 1.380
658.540 1.460
662.310 1.590
665.890 1.560
669.280 1.250
671.850 2.380
676.120 2.110
678.700 1.040
679.920 2.810
683.460 1.420
pp-chuorporchourng-m-pcID.wav
2.850 0.800
6.600 0.820
9.880 0.800
13.410 0.800
18.150 4.160
22.520 1.470
24.030 1.490
27.610 1.540
31.300 1.650
34.660 1.910
38.100 1.550
41.750 1.810
45.380 1.590
49.000 1.840
52.580 1.710
55.970 1.920
59.990 1.250
63.260 1.630
66.920 1.350
70.260 1.580
73.960 1.460
77.450 1.810
80.890 1.830
84.590 2.080
88.180 1.520
91.540 1.810
95.220 1.300
98.730 1.740
102.560 1.730
106.060 1.460
109.410 1.800
113.170 1.630
116.330 2.100
120.160 1.460
123.560 1.860
127.360 1.840
131.200 1.630
134.430 1.740
138.080 1.900
141.810 1.220
145.070 1.560
148.740 2.150
152.140 2.100
155.860 1.830
159.210 2.190
163.160 1.480
166.230 1.860
170.080 1.410
173.460 1.920
177.220 1.250
180.510 1.930
184.100 1.760
187.600 2.000
191.380 1.410
194.800 1.860
198.510 1.140
201.930 1.470
205.350 1.230
208.850 1.150
212.480 1.250
216.080 1.180
219.490 1.240
223.200 1.450
226.940 1.530
230.190 1.590
233.780 1.610
237.230 1.560
241.070 1.040
244.430 1.540
247.900 1.610
251.420 1.410
255.310 1.490
258.750 1.430
262.000 1.670
265.880 1.750
269.420 1.630
272.910 1.670
276.480 1.740
280.030 1.380
283.610 1.090
287.120 1.160
290.700 1.240
294.330 1.250
297.880 1.510
301.400 1.800
305.010 1.560
308.430 1.640
312.110 1.730
315.660 1.820
319.380 1.840
322.820 1.840
326.410 1.720
330.040 1.740
333.530 1.670
337.150 1.820
340.440 1.520
342.760 3.160
353.020 4.030
359.880 1.520
363.200 1.780
366.820 1.350
370.390 1.660
373.770 1.290
377.400 1.610
381.100 1.390
384.570 2.010
388.130 1.030
391.750 1.310
395.230 1.420
398.860 1.530
402.410 1.230
405.930 1.410
409.710 1.600
413.130 1.690
416.490 1.610
420.100 1.720
423.840 1.470
427.360 1.420
430.810 1.480
434.630 1.110
437.880 1.420
441.460 1.380
445.160 1.730
448.890 1.030
452.020 1.230
455.800 1.360
460.140 1.270
463.510 1.220
466.410 1.180
469.830 1.470
473.450 1.190
476.990 1.100
480.550 1.300
484.580 1.580
487.800 1.760
491.340 2.060
495.080 1.510
498.560 1.470
502.290 2.000
506.290 1.960
509.530 1.900
512.970 1.570
516.410 1.640
519.760 1.540
523.390 2.080
526.980 1.590
530.480 1.520
533.990 1.540
537.570 1.820
541.070 1.820
545.070 1.270
548.350 1.460
551.840 1.390
555.430 1.510
557.060 0.840
558.980 1.670
562.410 1.070
565.890 1.260
569.580 1.490
573.520 1.900
576.710 1.220
580.190 1.510
583.660 2.240
587.620 1.740
590.950 1.600
594.230 1.320
597.900 1.660
601.380 1.740
604.980 1.380
608.600 0.970
612.550 1.290
615.770 1.060
619.250 1.430
623.480 1.150
627.200 1.250
630.170 1.380
633.660 1.840
637.180 1.460
640.760 1.060
644.110 1.210
647.670 1.150
651.420 1.000
654.760 1.160
658.500 1.070
662.260 1.190
665.440 1.450
669.170 1.510
672.960 1.740
676.290 1.380
679.830 1.460
683.360 1.510
686.840 1.530
690.190 1.410
693.630 1.470
696.860 1.470
700.760 1.420
704.200 1.420
pp-kongphutphalla-m-pcID.wav
1.870 1.460
5.350 1.330
7.460 0.850
8.380 2.060
10.480 0.840
12.330 1.230
15.920 2.120
19.600 1.190
21.020 1.310
22.980 1.330
26.610 1.330
27.960 0.860
30.180 1.580
33.830 1.780
37.250 1.570
40.870 1.660
44.390 1.620
48.130 1.770
51.480 1.620
55.170 1.740
58.600 1.230
60.080 1.120
61.220 2.470
64.390 0.800
65.460 1.580
69.330 1.580
72.920 1.320
76.420 1.510
79.030 0.950
80.120 1.710
83.670 2.210
87.260 1.440
90.850 1.640
93.260 0.840
94.300 1.280
97.820 1.510
101.340 1.550
104.870 1.410
108.500 1.560
112.010 1.450
115.380 1.610
119.210 1.360
122.870 1.550
126.320 1.560
129.810 1.540
133.520 1.720
137.000 1.750
140.640 1.170
144.290 1.450
147.750 1.600
151.300 1.730
154.760 1.640
158.160 1.730
161.870 1.430
165.360 1.680
168.980 1.410
172.630 1.660
176.170 3.070
179.690 1.480
183.330 1.630
186.770 1.760
190.220 1.320
193.810 1.570
197.800 1.150
201.140 1.230
204.890 1.960
208.290 1.080
211.660 1.180
215.050 1.170
218.690 1.200
222.220 1.310
225.870 2.110
229.330 1.320
233.020 1.290
236.540 1.320
239.950 0.950
243.400 1.310
246.870 1.340
250.630 1.260
254.210 1.280
257.770 1.340
261.140 1.500
264.980 1.570
268.740 1.580
272.080 1.550
275.410 1.530
278.870 1.310
283.030 1.030
286.220 1.170
289.730 1.120
293.470 1.580
297.100 2.800
300.620 1.550
304.020 1.350
307.770 2.490
311.260 1.570
314.640 1.980
318.370 1.580
321.790 1.560
325.480 1.540
328.980 1.460
332.450 1.430
336.170 1.570
339.660 1.470
345.080 1.430
348.530 1.500
351.850 1.240
355.530 1.490
359.170 1.220
362.720 1.450
366.030 1.220
369.910 1.190
373.460 0.970
377.050 1.200
380.620 1.360
382.210 0.810
384.020 1.520
387.660 1.120
391.300 1.290
394.810 1.410
396.570 0.870
398.300 1.530
401.980 1.410
405.340 1.500
408.990 1.420
412.400 1.290
415.890 1.320
419.610 1.260
423.020 1.410
427.030 1.390
430.630 1.610
433.870 0.960
437.330 1.160
441.010 1.370
444.630 1.150
447.980 1.410
451.650 1.090
455.150 1.370
458.420 1.210
462.090 1.220
465.770 1.320
469.460 1.300
473.220 1.460
477.010 1.810
480.140 1.330
483.600 1.370
486.320 0.800
487.180 1.440
491.030 1.810
494.680 1.730
498.190 1.740
501.540 1.270
504.840 1.570
508.380 1.440
511.970 2.010
515.660 1.360
519.120 1.460
522.720 1.530
524.790 0.810
526.350 1.450
530.080 1.760
533.760 1.190
536.890 1.370
540.590 1.360
544.040 1.630
547.500 1.630
550.990 1.140
552.670 0.980
554.720 1.180
558.260 1.520
560.660 0.870
561.920 1.690
565.460 1.170
569.060 1.430
572.610 1.850
575.860 2.010
579.620 1.410
583.100 1.260
586.600 1.630
590.370 1.590
594.000 1.450
597.160 1.370
600.750 1.530
604.250 1.070
607.770 2.210
611.350 1.440
615.060 1.440
618.490 1.490
622.290 1.650
625.720 1.390
629.120 1.130
631.180 0.840
632.910 1.900
636.290 1.240
640.100 0.930
643.450 1.260
647.060 1.030
648.550 1.660
650.810 1.150
654.070 1.420
657.690 1.570
661.310 1.580
664.790 1.450
668.350 1.520
671.960 1.530
675.470 1.580
679.010 1.370
682.540 1.410
684.420 1.150
686.290 1.400
689.630 1.240
693.330 1.300